[array([0.333333, 0.666667]), array([0.777778, 0.222222]), array([0.142857, 0.571429, 0.857143]), array([0.285714, 0.714286, 0.428571, 0.857143]), array([0.0625, 0.5   , 0.9375, 0.25  ]), array([0.111111, 0.444444, 0.777778, 0.222222, 0.888889]), array([0.090909, 0.363636, 0.636364, 0.181818, 0.545455, 0.818182]), array([0.125 , 0.25  , 0.375 , 0.5   , 0.625 , 0.75  , 0.875 , 0.0625])]
[array([0.5, 0.5]), array([0.7, 0.3]), array([0.2, 0.6, 0.8]), array([0.2, 0.8, 0.3, 0.7]), array([0.08, 0.52, 0.92, 0.27]), array([0.2, 0.5, 0.8, 0.3, 0.9]), array([0.12, 0.38, 0.66, 0.22, 0.58, 0.84]), array([0.15 , 0.275, 0.4  , 0.525, 0.65 , 0.775, 0.9  , 0.1  ])]
[array([0.45, 0.55]), array([0.725, 0.275]), array([0.8, 0.2, 0.4]), array([0.25, 0.75, 0.35, 0.65]), array([0.07, 0.51, 0.93, 0.26]), array([0.21, 0.49, 0.81, 0.31, 0.91]), array([0.1 , 0.36, 0.64, 0.2 , 0.56, 0.82]), array([0.13, 0.26, 0.38, 0.51, 0.63, 0.76, 0.88, 0.07])]
[array([0.427778, 0.572222]), array([0.734259, 0.265741]), array([0.380952, 0.457143, 0.685714]), array([0.245238, 0.754762, 0.359524, 0.735714]), array([0.070833, 0.51    , 0.929167, 0.26    ]), array([0.173704, 0.478148, 0.795926, 0.277407, 0.89963 ]), array([0.103636, 0.367879, 0.645455, 0.200606, 0.561818, 0.826061]), array([0.135   , 0.261667, 0.385   , 0.511667, 0.635   , 0.761667,
       0.885   , 0.0775  ])]
[array([0.42, 0.58]), array([0.63, 0.37]), array([0.31, 0.52, 0.74]), array([0.27, 0.61, 0.44, 0.83]), array([0.18, 0.57, 0.89, 0.33]), array([0.22, 0.48, 0.79, 0.29, 0.91]), array([0.14, 0.39, 0.66, 0.23, 0.58, 0.84]), array([0.16, 0.28, 0.41, 0.53, 0.66, 0.78, 0.9 , 0.11])]
[array([0.436555, 0.561852]), array([0.643711, 0.350427]), array([0.290003, 0.526542, 0.748973]), array([0.257349, 0.623142, 0.4314  , 0.843698]), array([0.164072, 0.559418, 0.90988 , 0.318913]), array([0.203885, 0.477786, 0.796998, 0.271818, 0.890277]), array([0.133556, 0.371272, 0.667798, 0.244733, 0.565004, 0.824401]), array([0.140764, 0.29475 , 0.39968 , 0.531209, 0.640643, 0.763956,
       0.880412, 0.096299])]
[array([0.999509, 0.605025]), array([0.709894, 0.999867]), array([0.018005, 0.040702, 0.02947 ]), array([0.022476, 0.05575 , 0.00098 , 0.032298]), array([0.990736, 0.060822, 0.932835, 0.009122]), array([5.65687e-01, 2.24610e-02, 2.02000e-04, 1.68316e-01, 2.12420e-02]), array([0.998542, 0.97969 , 0.934707, 0.047897, 0.948514, 0.802608]), array([0.731876, 0.927411, 0.97031 , 0.985745, 0.915076, 0.597028,
       0.907676, 0.859568])]
[array([0.997175, 0.87883 ]), array([0.709894, 0.999867]), array([0.019391, 0.963731, 0.833755]), array([0.26927 , 0.607255, 0.583638, 0.528609]), array([0.990736, 0.060822, 0.932835, 0.009122]), array([0.117249, 0.024704, 0.004459, 0.090832, 0.076921]), array([0.016213, 0.111646, 0.428254, 0.681926, 0.523978, 0.977388]), array([0.283187, 0.111804, 0.590719, 0.550574, 0.78482 , 0.919104,
       0.881617, 0.049933])]
[array([0.990198, 0.81937 ]), array([0.709894, 0.999867]), array([0.037714, 0.991662, 0.857859]), array([0.264095, 0.59031 , 0.575603, 0.333135]), array([0.990736, 0.060822, 0.932835, 0.009122]), array([0.051082, 0.041178, 0.03159 , 0.136823, 0.343311]), array([0.059048, 0.366885, 0.960575, 0.052238, 0.469479, 0.879831]), array([0.049164, 0.319656, 0.074848, 0.58412 , 0.404708, 0.887928,
       0.792066, 0.003256])]
[array([0.993848, 0.880315]), array([0.997454, 0.986872]), array([0.954008, 0.568624, 0.969873]), array([0.26246 , 0.588081, 0.564112, 0.366838]), array([1., 0., 1., 0.]), array([0.39678 , 0.997315, 0.90743 , 0.342969, 0.985318]), array([0.021038, 0.747023, 0.003158, 0.084239, 0.965362, 0.695918]), array([0.023899, 0.345245, 0.094899, 0.085174, 0.772708, 0.901727,
       0.981125, 0.21682 ])]
[array([7.28471e-01, 5.30000e-05]), array([0.002253, 0.997017]), array([0.956376, 0.013162, 0.028526]), array([0.944788, 0.574188, 0.999906, 0.042979]), array([1., 0., 1., 0.]), array([0.408396, 0.080753, 0.998253, 0.146887, 0.232701]), array([0.562278, 0.101469, 0.358616, 0.024459, 0.052806, 0.040439]), array([0.00852 , 0.265534, 0.122699, 0.540872, 0.423047, 0.742627,
       0.690756, 0.      ])]
[array([9.72951e-01, 9.63000e-04]), array([0.688477, 0.984237]), array([0.003606, 0.980658, 0.362354]), array([0.012833, 0.998698, 0.56376 , 0.00649 ]), array([1., 0., 1., 0.]), array([0.449374, 0.041588, 1.      , 0.156186, 0.264819]), array([0.094247, 0.310016, 0.599245, 0.110477, 0.517195, 0.828528]), array([0.003004, 0.21568 , 0.12241 , 0.559561, 0.452147, 0.676872,
       0.663216, 0.002333])]